0: [3, 4, 5, 6, 7, 8, 9, 16, 18, 20, 22, 24, 26, 28, 30, 32, 34, 36, 47, 61, 63, 65, 67, 69, 71, 73, 75, 77, 80, 81, 82, 83, 84, 85, 86, 87, 88, 89, 90, 91, 109, 110, 111, 112, 113, 114, 115, 116, 146, 147, 148, 149, 150, 151, 152, 153, 154, 155, 156, 157, 158, 159, 160, 161, 162, 163, 174, 175, 176, 177, 178, 179, 180, 181, 182, 192, 193, 194, 195, 196, 197, 198, 199, 200, 201, 202, 203, 211, 212, 213, 214, 215, 233, 234, 235, 237, 239, 240, 241, 252, 253, 254, 255, 256, 257, 270, 271, 272, 273, 274, 286, 287, 288, 289, 290, 291, 292, 293, 324, 325, 327, 328, 336, 337, 338, 339, 340, 342, 343, 344, 345, 350, 351, 356, 364, 371, 376, 379, 382, 385, 391, 392, 393, 394, 395, 396, 397, 404, 405, 406, 407, 408, 409, 410, 411, 412, 413, 414, 422, 423, 424, 425, 426, 428, 429, 431, 433, 434, 437, 440, 443, 446, 449, 452, 453, 455, 463, 477, 478, 479, 480, 481, 489, 490]
1: [15, 17, 19, 21, 23, 25, 27, 29, 31, 33, 35, 37, 38, 46, 48, 50, 51, 52, 54, 55, 56, 57, 58, 59, 60, 62, 64, 66, 68, 70, 72, 74, 76, 78, 141, 142, 143, 144, 145, 164, 165, 166, 167, 168, 169, 170, 171, 172, 173, 183, 184, 185, 186, 187, 188, 189, 190, 191, 204, 205, 206, 207, 208, 209, 210, 221, 224, 227, 230, 242, 244, 246, 248, 250, 264, 265, 299, 300, 301, 302, 303, 304, 305, 306, 307, 308, 309, 310, 311, 329, 330, 331, 332, 333, 334, 346, 347, 348, 349, 352, 353, 354, 355, 421, 491, 492]
2: [49, 53, 129, 386, 387, 388, 389, 390, 398, 399, 400, 401, 402, 403, 298, 297, 296, 295, 294, 140, 139, 138, 137, 136, 135, 134, 133, 132, 131, 130]
3: [99, 101, 103, 105, 107, 236, 238, 435, 439, 441, 444, 447, 450]
4: [100, 104, 106, 108, 117, 118, 119, 120, 121, 122, 123, 124, 125, 126]
5: [259, 266, 267, 268, 269, 275, 276, 277, 278, 279, 280, 281, 282, 283, 284, 285]
6: [261, 262, 263, 464, 465, 466, 467, 468, 469, 470, 471, 472, 473, 474, 475, 476, 482, 483, 484, 485, 486, 487, 488]
7: [363, 365, 366, 368, 369, 372, 375, 377, 380, 415, 416]
8: [370, 373, 374, 378, 381, 436, 438, 442, 445, 448, 451]
#youtube url: https://www.youtube.com/watch?v=7wd5KEaOtm4
