0: [0, 1, 2, 3, 4, 5, 6, 7, 8, 9, 10, 11, 12, 13, 14, 15, 16, 18, 19, 20, 137, 141, 332, 333]
1: [21, 22, 23, 24, 25, 26, 27, 28, 46, 47, 49, 50, 51, 52, 53, 54, 55, 95, 98, 100, 102, 104, 105, 107, 113, 114, 115, 116, 117, 118, 119, 120, 193, 194, 195, 196, 197, 198, 209, 210, 211, 212, 213, 214, 215, 216, 217, 218, 219, 220, 221, 222, 250, 254, 256, 257, 258, 259, 260, 261, 262, 292, 294, 296, 298, 301, 304, 306, 308, 310, 312, 314, 316, 318, 339, 340, 341, 342, 343, 344, 345, 354, 359, 361, 364, 367, 371, 373, 374, 427, 428, 429, 430, 462, 464, 466, 468, 469, 471, 473, 474, 475, 479, 480, 481, 482, 483, 484, 485, 486, 489, 490, 500, 502, 504, 506, 508, 509, 510, 511, 512, 514, 515, 516, 545, 547, 549, 550, 551, 552, 553, 554, 555, 556, 557, 558, 560, 561, 564, 565, 567, 569, 571, 573, 578, 32]
2: [29, 30, 31, 57, 59, 61, 64, 68, 69, 70, 71, 72, 73, 74, 75, 76, 78, 80, 82, 85, 86, 88, 91, 122, 128, 130, 132, 134, 41, 38, 37, 35, 34]
3: [33, 39, 40, 42, 44, 48, 56, 58, 60, 62, 63, 65, 66, 79, 81, 83, 84, 87, 89, 90, 92, 96, 97, 99, 103, 108, 109, 110, 111, 112, 121, 123, 124, 125, 126, 127, 129, 131, 133, 223, 224, 225, 226, 227, 228, 229, 230, 231, 232, 233, 236, 237, 238, 239, 463, 465, 467, 470, 472, 487, 488, 491, 492, 493, 494, 495, 503, 505, 507, 517, 518, 519, 520, 521, 522, 523, 524, 525, 526, 527, 528, 529, 530, 531, 532, 533, 534, 535, 536, 537, 538, 539, 540, 541, 542, 543, 544, 546, 559, 563, 566, 568, 570, 572, 574, 575, 577, 579, 584, 585, 586, 587, 588]
4: [135, 136, 139, 177, 178, 183, 184, 185, 156, 182, 181, 180, 179, 155, 154, 153, 152, 151, 150, 149, 148, 147, 146, 145, 144, 143, 142]
5: [157, 158, 159, 160, 161, 162, 163, 164, 165, 166, 167, 439, 440, 441, 442, 443, 444, 445, 446, 447]
6: [168, 169, 170, 171, 172, 173, 287, 288, 289, 290, 319, 322, 324, 452, 453, 454, 455]
7: [174, 175, 176, 199, 200, 201, 202, 203, 204, 205, 206, 207, 208, 255, 279, 280, 281, 283, 285, 286, 335, 336, 337, 338, 346, 348, 349, 449, 450, 451, 253]
8: [186, 187, 188, 189, 190, 191, 192, 327, 328, 329, 330, 347, 350, 356, 358, 362, 365, 368, 369, 421, 422, 423, 424, 425, 426, 353]
9: [408, 409, 410, 411, 412, 413, 418, 419, 420, 402, 401, 400, 399, 398, 392, 391, 390, 389, 388, 370, 366, 363, 360, 357, 355]
10: [263, 265, 268, 270, 271, 273, 276, 278, 376, 377, 379, 381, 383, 385, 387]
11: [282, 284, 309, 311, 313, 315, 317, 307, 305, 303, 300, 297, 295, 293, 291]
12: [393, 394, 395, 396, 397, 403, 404, 405, 406, 407, 414, 415, 416, 417]
13: [592, 593, 594, 595, 596, 597, 598, 599, 600, 601, 602, 603]
#youtube url: https://www.youtube.com/watch?v=iUZ3Yxok6N8
