0: [1, 44, 45, 46, 48, 75, 76, 97, 106, 174, 177, 181, 183, 185, 187, 188, 191, 192, 195, 196, 197, 198, 199, 200, 201, 202, 203, 206, 207, 208, 209, 210, 211, 212, 213, 214, 220, 221, 222, 223, 224, 225, 226, 227, 228, 238, 239, 240, 241, 242, 243, 244, 245, 246, 247, 248, 249, 250, 251, 252, 253, 254, 255, 256, 257, 258, 259, 260, 261, 262, 263, 264, 265, 72, 179, 165, 163, 160, 158, 157, 155, 153, 150, 149, 147, 145, 143, 140, 83, 81, 77, 74, 52]
1: [3, 4, 5, 6, 7, 9, 10, 11, 12, 14, 27, 85, 86, 87, 88, 102, 104, 134, 136, 137, 138, 139, 166, 167, 168, 169, 170, 171, 172, 173, 135, 84, 82, 80, 25]
2: [15, 16, 17, 18, 19, 20, 21, 22, 23, 24]
3: [28, 49, 78, 79, 100, 108, 111, 112, 215, 216, 217, 218, 219, 229, 230, 231, 232, 233, 234, 235, 236, 237, 71]
4: [29, 30, 31, 32, 33, 34, 35, 36, 37, 38, 42, 277]
5: [55, 56, 57, 58, 59, 60, 61, 62, 63, 64, 66, 67, 68, 69, 70, 125, 128, 129, 130, 131, 133, 124]
6: [89, 90, 91, 92, 93, 94, 95, 96, 103, 105, 109, 110]
7: [141, 142, 144, 146, 148, 151, 152, 154, 156, 159, 161, 162, 164, 175, 176, 178, 180, 182, 184, 186, 189, 190, 193, 194]
8: [266, 267, 268, 269, 270, 271, 272, 273, 274, 275, 276]
#youtube url: https://www.youtube.com/watch?v=9Pl4JNnqNaE
