0: [1, 4, 7, 11, 12, 14, 15, 17, 210, 273, 277, 285, 284]
1: [9, 114, 116, 199, 203, 206, 212, 217, 221, 222, 226, 251, 274, 304, 305, 307, 309, 312, 316, 319, 320, 321, 322, 323, 324, 325, 326, 327, 328, 332, 336, 355, 358, 361, 364, 369, 373, 377, 380, 384, 387, 390, 416, 418, 422, 423, 428, 432, 435, 437, 250, 107, 106, 105, 104, 103, 102, 101, 86, 85, 84, 83, 82, 81, 80, 79, 78, 77, 76, 75, 74, 73, 72, 71, 70, 69, 61, 60, 59, 57, 56, 55]
2: [18, 19, 20, 21, 22, 23, 24, 25, 26, 27, 28, 117, 126, 129, 130, 132, 133, 134, 136, 138, 140, 142, 143, 144, 146, 148, 150, 318, 137, 135]
3: [29, 30, 31, 32, 236, 238, 247, 315, 317, 329, 330, 331, 333, 334, 228, 310, 234, 232, 230, 156, 314, 313, 311, 308, 303]
4: [39, 40, 41, 42, 43, 44, 45, 48, 49, 87, 90, 91, 93, 109, 111, 113, 121, 205, 211, 214, 259, 261, 264, 267, 270, 278, 279, 280, 281, 282, 283, 393, 397, 399, 401, 403, 405, 407, 409, 411, 413, 442, 446, 342, 54, 47, 46]
5: [51, 52, 53, 108, 110, 112, 118, 155, 219, 225, 257, 258, 260, 263, 266, 269, 392, 394, 396, 398, 400, 402, 404, 406, 408, 410, 412, 439, 440, 441, 444, 445, 448, 449, 207, 94, 92, 89, 88]
6: [58, 162, 161, 160, 158, 157, 360, 357, 354, 164, 163]
7: [62, 65, 67, 68, 95, 96, 97, 98, 99, 100, 227, 229, 231, 233, 235, 237, 239, 241, 242, 244, 246, 252, 253, 254, 255, 256]
8: [123, 365, 450, 187, 185, 178, 302, 215, 198, 196, 194, 191, 189, 183, 181, 176, 175]
9: [127, 128, 131, 139, 141, 145, 147, 149, 151, 152]
10: [154, 299, 344, 345, 346, 347, 348, 349, 350, 351, 352]
11: [165, 166, 167, 168, 169, 337, 338, 339, 340, 341]
12: [177, 179, 182, 184, 186, 188, 190, 192, 195, 197]
13: [200, 209, 371, 376, 381, 414, 417, 420, 424, 426, 430, 434, 438, 367, 363]
14: [368, 372, 375, 379, 383, 386, 389, 415, 419, 421, 425, 427, 431, 433]
#youtube url: https://www.youtube.com/watch?v=9Jar2XkBboo
