0: [0, 1, 3, 4, 5, 6, 7, 8, 52, 80]
1: [26, 27, 28, 29, 30, 31, 32, 33, 34, 35, 36, 38, 39, 40, 41, 42, 43, 44, 121, 122, 123, 124, 127, 129, 132, 135, 142, 143, 144, 178, 180, 182, 184, 186, 187, 188, 197, 198, 199, 200, 201, 202, 215, 218, 220, 223, 226, 229, 232, 236, 239, 242, 245, 248, 251, 254]
2: [46, 51, 53, 55, 57, 58, 59, 60, 61, 62, 64, 75, 56]
3: [50, 70, 109, 192, 204, 213, 183, 181, 179, 167, 166, 163, 162]
4: [69, 94, 97, 100, 103, 189, 212, 85, 83, 82, 81]
5: [87, 88, 89, 90, 91, 104, 105, 106, 107, 130, 147, 148, 156, 190, 193]
6: [108, 110, 111, 112, 113, 150, 152, 153, 154, 155, 168, 171, 172, 175, 177, 205]
7: [157, 158, 159, 160, 169, 170, 173, 174, 176, 206, 207]
8: [216, 219, 222, 225, 228, 235, 238, 241, 244, 247, 250, 252]
#youtube url: https://www.youtube.com/watch?v=lB95KLmpLR4
