0: [1, 2, 3, 4, 5, 6, 7, 8, 9, 10, 11, 12, 13, 14, 15, 16, 17, 18, 19, 20, 21, 22, 23, 24, 25, 26, 27, 28, 29, 30, 273, 299, 300, 301, 302]
1: [31, 32, 33, 34, 35, 36, 37, 38, 40, 41, 42, 43, 44, 45, 46, 47, 48, 49, 50, 51, 52, 227, 228, 295, 296, 298]
2: [53, 54, 55, 56, 57, 58, 59, 60, 61, 62, 63, 64, 65, 66, 67, 68, 69, 70, 222, 245, 249, 250, 254, 255, 279, 280, 294, 247]
3: [79, 80, 81, 82, 83, 84, 85, 86, 87, 88, 89, 231, 232, 234, 235, 236, 241, 261, 262, 263, 264, 276, 277, 278, 304, 305, 306, 314, 315, 316, 317, 318, 319, 320, 321, 322, 323, 324, 325, 326, 327, 328, 329, 330]
4: [95, 96, 97, 98, 99, 100, 101, 102, 103, 104, 105, 106, 109, 110, 112, 113, 114, 115, 118, 119, 121, 122, 123, 124, 177, 185, 186, 187, 188, 189, 265, 266, 267, 268, 270, 286, 287, 288, 289, 290, 291, 292, 293, 272, 271, 179]
5: [107, 108, 111, 120, 152, 153, 154, 155, 156, 150, 148, 147, 146, 145, 144, 143, 142, 141, 140, 139, 138, 137, 136, 135]
6: [126, 127, 128, 129, 130, 131, 132, 133, 134, 307, 308, 311, 313]
7: [158, 159, 160, 161, 162, 163, 164, 165, 166, 167, 168, 169, 170, 172, 174, 175, 176, 180, 181, 182, 183, 184, 303]
8: [191, 192, 193, 194, 195, 196, 197, 198, 199, 200, 202, 203, 204, 205, 206, 207, 208, 209, 210, 211, 212, 213, 214, 215, 216, 217, 218, 219, 220, 221, 243, 244, 246, 248, 251, 252, 253, 256, 257, 258, 259, 260]
#youtube url: https://www.youtube.com/watch?v=KnamcFv_N9Q
