0: [0, 1, 2, 3, 4, 5, 6, 7, 8, 9, 10, 11, 12, 13, 14, 15, 16, 17, 18, 19, 20, 21, 22, 23, 24, 40, 41, 42, 43, 44, 45, 46, 47, 48, 60, 61, 62, 63, 64, 65, 66, 67, 76, 77, 78, 79, 80, 81, 82, 83, 84, 85, 86, 87, 88, 89, 90, 91, 92, 117, 119, 120, 121, 122, 123, 130, 131, 132, 133, 134, 135, 136, 137, 138, 139, 140, 141, 142, 143, 144, 145, 148, 149, 150, 151, 152, 153, 154, 155, 156, 157, 159, 160, 161, 162, 163, 164, 179, 180, 181, 182, 183, 184, 191, 200, 201, 203, 204, 205, 256, 257, 259, 265, 266, 271, 273, 275, 277, 279, 281, 309, 310, 311, 312, 313, 314, 315, 316, 317, 318, 319, 320, 321, 322, 323, 324, 326, 327, 220]
1: [32, 33, 35, 36, 37, 49, 50, 51, 52, 53, 54, 55]
2: [70, 71, 72, 73, 74, 94, 95, 96, 97, 98, 99, 100, 101, 102, 103, 104, 105, 106, 107, 108, 109, 110, 124, 125, 126, 127, 128, 129, 146, 147, 198, 244, 246, 302]
3: [114, 240, 241, 242, 249, 251, 253, 255, 233, 239, 237, 235]
4: [115, 116, 214, 218, 222, 224, 227, 325, 216, 215]
5: [158, 170, 171, 172, 173, 175, 177, 185, 187, 189, 194, 196, 169, 167, 165]
6: [166, 168, 174, 176, 178, 186, 188, 190, 192, 195, 206, 208, 210, 212]
7: [232, 234, 236, 238, 243, 245, 247, 248, 250, 252]
8: [283, 284, 285, 286, 287, 292, 293, 294, 296, 298, 299]
#youtube url: https://www.youtube.com/watch?v=Jit3YhGx5pU
