0: [0, 1, 2, 3, 4, 5, 6, 7, 8, 9, 10, 11, 12, 17, 18, 19, 20, 21, 22, 23, 36, 38, 41, 42, 47, 53, 54, 55, 56, 78, 79, 80, 81]
1: [13, 14, 15, 16, 24, 25, 26, 27, 28, 29, 30, 31, 32, 33, 40, 44, 45, 49, 94, 96, 98, 100, 102, 104, 105, 106, 107, 109, 173, 177, 179, 182, 184, 188, 190, 193, 195, 198, 201, 204, 207, 211]
2: [34, 88, 89, 90, 165, 166, 167, 168, 169, 171, 227, 234, 235, 236, 237]
3: [35, 37, 39, 43, 46, 48, 95, 97, 99, 101, 103, 175, 183, 186, 192, 196, 199, 202, 205, 208, 210]
4: [57, 58, 59, 60, 61, 63, 65, 67, 76, 77, 174, 176, 178, 181, 185, 187, 189, 191, 194, 197, 200, 203, 206, 209]
5: [73, 82, 218, 219, 220, 221, 222, 223, 224, 225, 226, 146, 145, 144, 143, 142, 141]
6: [111, 113, 115, 117, 119, 123, 125, 127, 133, 134, 135, 136, 137]
7: [112, 114, 116, 118, 120, 121, 122, 124, 126, 128, 129, 130, 131, 132, 138, 139, 140]
8: [148, 152, 155, 157, 159, 164, 212, 213, 214, 215, 216, 217]
#youtube url: https://www.youtube.com/watch?v=2rpXHqnGDXo
