0: [2, 91, 92, 94, 95, 96, 97, 99, 100, 101, 102, 103, 104, 105, 106, 107, 110, 120, 121, 333, 382, 402, 403, 405, 406, 407, 408, 409, 410, 432, 441, 449, 404, 90, 89]
1: [3, 4, 5, 6, 7, 8, 9, 10, 11, 12, 32, 33, 34, 35, 36, 38, 39, 40, 48, 49, 50, 51, 52, 53, 54, 55, 56, 57, 58, 59]
2: [13, 15, 17, 19, 22, 24, 26, 27, 60, 61, 63, 64, 65, 66, 67, 68, 69, 70, 71, 72, 73, 74, 75]
3: [29, 43, 44, 45, 46, 47, 76, 77, 78, 79, 80, 81, 82, 83, 84, 85, 86, 87, 88, 42]
4: [109, 200, 201, 207, 209, 211, 241, 245, 247, 249, 251, 253, 255, 358, 360, 365, 398, 399, 400, 401, 452, 460, 462, 397, 363, 361, 355, 354, 353, 352, 351, 350, 324, 323, 322, 321, 320, 319, 243, 238, 236, 234, 232, 230, 228, 226, 224, 222, 220, 218, 216, 132, 131, 130, 129, 128, 127, 126]
5: [112, 113, 114, 115, 117, 118, 119, 122, 123, 138, 139, 140, 141, 142, 143, 144, 157, 158, 159, 160, 161, 162, 163, 165, 168, 169, 188, 189, 190, 192, 194, 195, 196, 197, 202, 203, 204, 206, 208, 212, 262, 263, 264, 265, 266, 267, 268, 269, 270, 277, 278, 279, 280, 281, 282, 283, 284, 286, 287, 288, 289, 290, 291, 292, 293, 306, 307, 308, 325, 326, 336, 337, 338, 339, 340, 341, 342, 367, 368, 369, 370, 371, 372, 379, 380, 381, 464, 477, 305, 285]
6: [134, 135, 136, 359, 362, 364, 366, 389, 390, 391, 451, 383]
7: [145, 146, 147, 148, 149, 150, 155, 346, 348, 349]
8: [151, 152, 153, 156, 213, 215, 217, 219, 221, 223, 225, 227, 229, 231, 233, 235, 237, 242, 244, 246, 248, 254, 258, 259, 260, 271, 272, 273, 274, 275, 276, 294, 295, 298, 313, 314, 315, 316, 317, 327, 329, 330, 373, 374, 375, 376, 377, 378, 384, 385, 386, 387, 392, 393, 394, 395, 396, 450, 454, 455, 467, 468, 469, 470, 471, 472, 473, 474, 475, 476, 479, 312, 299, 297, 296, 261]
9: [173, 174, 175, 178, 179, 181, 182, 421, 496, 176]
10: [411, 413, 415, 417, 419, 422, 423, 431, 433, 434, 435]
11: [412, 414, 416, 418, 420, 424, 488, 490, 492, 494, 498, 486]
12: [480, 481, 482, 483, 484, 495, 497, 493, 491, 489, 487, 485]
#youtube url: https://www.youtube.com/watch?v=zCy5WQ9S4c0
