0: [0, 1, 2, 3, 4, 5, 6, 7, 8, 26, 27, 29, 30, 45, 50, 64, 65, 67, 68, 69, 70, 71, 72, 102, 103, 104, 105, 106, 107, 108, 109, 110, 111, 112, 113, 114, 115, 126, 127, 128, 230, 231, 232, 233, 234, 235, 236, 252, 253, 254, 255, 256, 293, 294, 295, 296, 348, 350, 351, 352, 353, 354, 363, 365, 367, 370, 371, 380, 382, 442, 443, 444, 445, 446, 447, 448, 475, 477, 486, 487, 488, 489, 490, 491, 492, 493, 501, 502, 503, 504, 505, 506, 517, 518, 53, 366, 48, 349, 52, 16]
1: [9, 10, 11, 12, 13, 14, 131, 141, 142, 144, 161, 164, 258, 262, 297, 298, 300, 301, 302, 303, 305, 307, 310, 313, 316, 318, 321, 323, 326, 329, 332, 335, 338, 364, 415, 416, 422, 474, 496, 309, 132, 130, 22, 378]
2: [17, 18, 19, 20, 21, 347, 368, 369, 372, 374, 376, 412]
3: [23, 24, 25, 31, 32, 33, 34, 35, 36, 37, 38, 39, 40, 41, 42, 43, 44]
4: [47, 49, 51, 153, 154, 155, 156, 157, 158, 159, 160, 166, 169, 172, 175, 177, 181, 183, 186, 189, 192, 197, 198, 201, 205, 208, 211, 213, 215, 217, 219, 221, 405, 406, 519, 520]
5: [55, 56, 57, 58, 59, 60, 61, 62, 63, 73, 74, 75, 76, 77, 78, 79, 80, 81, 82, 83, 84, 85, 86, 87, 88, 89, 90, 91, 92, 93, 94, 95, 96, 97, 98, 99, 100, 101, 116, 117, 118, 119, 120, 121, 122, 123, 124, 125, 162, 222, 223, 224, 225, 226, 227, 228, 229, 261, 263, 264, 265, 266, 267, 268, 269, 270, 271, 272, 273, 274, 275, 276, 277, 278, 279, 280, 281, 282, 283, 284, 285, 286, 304, 306, 308, 311, 314, 317, 320, 324, 327, 330, 333, 336, 339, 341, 345, 355, 356, 357, 358, 359, 360, 361, 362, 383, 384, 385, 386, 387, 388, 389, 390, 391, 392, 393, 394, 395, 396, 397, 398, 413, 414, 421, 425, 430, 432, 433, 434, 435, 436, 437, 438, 439, 459, 460, 461, 462, 463, 464, 465, 466, 467, 468, 469, 470, 471, 472, 479, 480, 481, 482, 483, 484, 494, 495, 507, 508, 509, 510, 511, 512, 513, 514, 515, 516, 521, 524, 525, 526, 527, 54]
6: [137, 138, 139, 167, 170, 173, 176, 179, 182, 185, 187, 190, 193, 195, 200, 203, 206, 423]
7: [165, 168, 171, 174, 178, 180, 184, 188, 191, 194, 196, 199, 202, 204, 207, 210, 212, 214, 216, 218, 220]
8: [237, 239, 241, 243, 246, 248, 250, 287, 288, 289, 290, 291, 292, 440, 441]
9: [312, 319, 322, 325, 328, 331, 334, 337, 340, 343, 346]
10: [399, 401, 402, 403, 404, 407, 408, 409, 426, 427, 429, 431, 411]
11: [449, 450, 451, 452, 453, 454, 455, 456, 457, 458]
#youtube url: https://www.youtube.com/watch?v=40hHA9n4C2o
