0: [0, 1, 2, 3, 4, 5, 6, 7, 8, 9, 10, 12, 13, 14, 15, 16, 17, 18, 29, 31, 32, 33, 34, 35, 36, 37, 38, 67, 68, 69, 70, 71, 72, 73, 81, 82, 83, 84, 85, 86, 87, 156, 157, 158, 159, 160, 161, 162, 163, 164, 165, 166, 167, 168, 169, 170, 171, 172, 203, 204, 205, 206, 207, 208, 209, 210, 211, 212, 213, 214, 281, 282, 283, 284, 285, 286, 287, 314, 315, 316, 317, 318, 319, 320, 321, 322, 323, 324, 325, 326, 327, 328, 329, 330, 331, 332, 333, 334, 341, 342, 343, 344, 345, 346, 347, 348, 349, 363, 364, 366, 367, 368, 369, 386, 388, 390, 392, 393, 394, 395, 396, 403, 406, 409, 412, 415, 418, 474, 475, 476, 477, 478, 479, 487, 488, 489, 490, 491, 492, 493, 494, 495, 496, 497, 498, 499, 500, 501, 502, 503, 504, 505, 506, 507, 508, 509, 510, 511, 512, 513, 514, 515, 516, 517, 518, 519, 521, 522, 523, 524, 525, 526, 527, 528, 548, 549, 550, 551, 552, 553, 554, 555, 556, 557, 558, 559, 587, 588, 589, 590, 591, 592, 593, 600, 609, 610, 611, 612, 613, 614, 624, 625, 626, 627, 628, 629, 630, 631, 632, 633, 647, 648, 649, 650, 651, 652, 653, 667, 668, 669, 670, 671, 672, 673, 674, 675, 676, 677, 678, 679, 680, 681, 682, 683, 684, 685, 686, 687, 688, 689, 690, 691, 692, 693, 694, 695, 696, 697, 698, 699, 700, 702, 703]
1: [19, 21, 22, 23, 25, 26, 27, 28, 30, 39, 40, 41, 42, 43, 44, 45, 46, 47, 48, 49, 50, 51, 52, 53, 54, 594, 595, 596, 597, 598, 599]
2: [56, 57, 58, 59, 60, 62, 63, 64, 65, 66, 88, 89, 90, 91, 92, 93, 94, 95, 115, 116, 117, 118, 119, 120, 121, 122, 123, 124, 125, 126, 127, 128, 129, 130, 131, 132, 133, 398, 400]
3: [74, 75, 76, 77, 78, 79, 80, 103, 112, 114, 134, 135, 136, 137, 138, 139, 140, 141, 142, 143, 144, 145, 146, 147, 148, 149, 150, 151, 152, 153, 154, 155, 263, 264, 265, 266, 267, 268, 361, 362, 387, 389, 391, 485, 615, 616, 617, 618, 619, 620, 621, 622, 623, 634, 635, 636, 637, 638, 639, 640, 641, 642, 643, 644, 645, 646]
4: [96, 97, 98, 99, 100, 101, 102, 306, 307, 308, 309, 310, 311, 312, 335, 336, 337, 338, 339, 340, 480, 482, 529, 530, 531, 532, 533, 534, 535, 536, 537, 538, 539, 540, 541, 542, 543, 544, 545, 546, 547, 601, 602, 603, 604]
5: [104, 105, 106, 107, 108, 109, 110, 111, 215, 216, 217, 218, 219, 220, 221, 222, 223, 224, 225, 226, 227, 228, 229, 230, 231, 232, 233, 399, 401, 413, 416, 606, 607, 404, 397]
6: [173, 176, 178, 180, 182, 188, 190, 194, 196, 198, 200, 234, 235, 237, 239, 240, 242, 243, 244, 245, 247, 249, 251, 253, 255, 257, 259, 261, 350, 351, 352, 354, 356, 358, 360, 370, 372, 375, 376, 378, 380, 382, 385, 419, 421, 423, 425, 427, 429, 431, 434, 435, 437, 439, 442, 443, 445, 447, 449, 451, 454, 456, 458, 460, 461, 463, 579, 580, 581, 582, 583, 584, 585, 586, 654, 655, 656, 657, 658, 659, 660, 661, 662, 663, 664, 665, 666, 241, 236]
7: [174, 175, 177, 179, 181, 183, 185, 187, 189, 191, 193, 195, 197, 199, 201, 258, 260, 262, 271, 302, 353, 355, 357, 359, 371, 373, 374, 377, 379, 381, 383, 384, 420, 422, 424, 426, 428, 430, 433, 436, 438, 440, 441, 444, 446, 448, 450, 452, 453, 455, 457, 459, 462, 464, 570, 571, 572, 573, 574, 575, 576, 577, 578, 432, 301, 300, 299, 298, 297, 296, 295, 294, 293, 292, 291, 290, 289, 288, 280, 279, 278, 277, 276, 275, 274, 273, 272, 270, 256, 254, 250, 248]
8: [466, 467, 468, 469, 560, 561, 562, 563, 564, 565, 566, 567, 568, 569]
#youtube url: https://www.youtube.com/watch?v=K0SKf0K3bxg
