0: [2, 3, 58, 60, 61, 62, 63, 64, 65, 66, 67, 68, 69, 70, 71, 72, 73, 78, 81, 161, 236, 324, 326, 327, 59, 57, 56]
1: [5, 7, 8, 10, 17, 38, 39, 42, 43, 294, 295, 322, 200, 167, 166, 141, 140, 55, 54, 53, 50, 47, 41, 40]
2: [15, 19, 21, 24, 25, 27, 28, 30, 33, 35, 36, 80, 220]
3: [16, 18, 20, 22, 23, 26, 29, 31, 32, 34, 37, 76, 147, 150, 151, 152, 153, 154, 155, 157, 158, 183, 205, 206, 207, 208, 224, 257, 258, 260, 262, 264, 267, 279, 280, 281, 282, 283, 304, 305, 306, 307, 308, 309, 310, 335, 336, 337, 338, 339, 340, 341, 342, 343, 344, 345, 346, 159]
4: [52, 139, 142, 143, 144, 145, 146, 165, 168, 169, 170, 171, 172, 173, 174, 175, 177, 178, 179, 180, 181, 182, 196, 197, 198, 199, 201, 202, 203, 209, 284, 285, 286, 287, 288, 289, 290, 291, 292, 293, 296, 297, 298, 299, 300, 301, 302, 303, 313, 314, 315, 316, 317, 318, 319, 320, 321, 330, 331, 332, 333, 352, 353, 354, 355, 356, 357, 358, 137, 136, 135, 49, 48]
5: [77, 92, 93, 95, 97, 99, 101, 103, 105, 107, 109, 111, 113, 115, 117, 119, 121, 123, 125, 128, 132, 91, 89, 88, 87]
6: [90, 94, 96, 98, 100, 102, 104, 106, 108, 110, 112, 114, 116, 118, 120, 122, 124, 126, 127, 129, 131, 133, 162]
7: [184, 185, 186, 187, 188, 189, 190, 191, 192, 193, 237, 238, 239, 240, 241, 242, 243, 244, 245, 246, 247, 248, 249, 250, 251, 252, 253, 254, 255, 360, 361, 362, 363, 364, 365, 366, 367]
8: [221, 235, 275, 347, 350, 234, 232, 231, 230, 229, 228, 227, 226, 225]
9: [256, 259, 261, 263, 265, 266, 268, 270, 271, 272, 273, 274, 368]
#youtube url: https://www.youtube.com/watch?v=6sOXrY5yV4g
