0: [0, 1, 7, 8, 9, 10, 11, 12, 13, 14, 15, 16, 17, 18, 19, 20, 21, 22, 23, 24]
1: [2, 3, 4, 5, 6, 25, 26, 27, 119, 122, 152, 153, 154, 155, 156, 188, 189, 190, 191, 192, 193, 194, 195, 196, 197, 198, 199, 200, 201, 204, 205, 206, 207, 386, 387, 388, 389, 390, 391, 392, 458, 460, 462, 465]
2: [28, 29, 101, 104, 107, 110, 113, 115, 117, 126, 415, 418, 421]
3: [30, 31, 32, 33, 34, 42, 44, 58, 59, 69, 70, 71, 73, 74, 75, 76, 77, 78, 100, 103, 106, 109, 112, 114, 116, 132, 142, 144, 145, 146, 157, 183, 184, 185, 187, 213, 214, 215, 217, 219, 221, 223, 225, 227, 229, 231, 233, 236, 237, 239, 242, 243, 245, 247, 249, 250, 251, 252, 253, 255, 256, 259, 265, 269, 274, 282, 283, 288, 289, 290, 291, 292, 293, 294, 295, 296, 297, 298, 299, 301, 302, 314, 315, 316, 321, 322, 326, 330, 331, 332, 333, 336, 337, 344, 346, 347, 349, 350, 351, 352, 356, 357, 358, 359, 360, 361, 362, 363, 372, 374, 376, 380, 381, 382, 383, 384, 385, 404, 405, 408, 411, 414, 417, 420, 422, 424, 426, 428, 430, 432, 433, 435, 437, 439, 441, 443, 444, 450, 451, 452, 454, 455, 456, 457, 459, 461, 463, 476, 478, 480, 481, 482, 491, 492, 493, 494, 495, 496, 497, 499, 501, 503, 505, 313, 300, 72, 68, 67, 66, 65, 64, 63, 62, 61, 60, 52, 51, 50, 49, 48, 47, 46, 45, 261]
4: [35, 36, 37, 38, 39, 41, 43, 53, 54, 55, 56, 57, 403, 406, 409, 412, 416]
5: [40, 260, 262, 263, 271, 272, 276, 278, 366, 367, 513, 518, 169, 182, 168, 160]
6: [79, 80, 108, 273, 287, 353, 355, 364, 365, 368, 369, 371, 373, 375, 377, 378, 379, 425, 284, 286]
7: [89, 91, 93, 94, 95, 96, 97, 98, 99, 147, 149, 150, 151]
8: [90, 92, 393, 394, 395, 396, 397, 398, 400, 401, 402, 445, 446, 447, 448, 449, 270]
9: [131, 304, 305, 306, 309, 317, 318, 319, 320, 303]
10: [148, 171, 172, 173, 174, 175, 176, 177, 178, 179, 180, 170, 166, 165, 164, 163, 162, 161]
11: [210, 218, 220, 222, 224, 226, 228, 230, 232, 234, 235, 238, 240, 241, 244, 246, 248]
12: [324, 325, 327, 328, 329, 338, 340, 341, 343, 345, 348, 277]
13: [466, 467, 468, 469, 470, 471, 472, 473, 475, 483, 484, 485, 486, 487, 488, 489, 490, 500, 502, 504, 506, 509, 510, 511, 512, 514, 516, 517]
#youtube url: https://www.youtube.com/watch?v=C1no75lpOiw
