0: [0, 1, 2, 3, 4, 8, 9, 10, 11, 12, 13, 22, 23, 24, 25, 26, 27, 28, 29, 30, 31, 32, 33, 34, 183, 184, 185]
1: [15, 16, 17, 18, 19, 42, 43, 44, 45, 54, 60, 61, 62, 63, 64, 65, 66, 75, 76, 77, 78, 83, 84, 85, 87, 89, 91, 94, 97, 100, 102, 103, 104, 105, 106, 110, 112, 115, 118, 121, 123, 126, 130, 133, 136, 138, 148, 151, 154, 157, 160, 163, 166, 341, 342, 353, 354, 355, 356, 357, 358, 359, 360, 361, 362, 363, 364, 395, 396, 397, 398, 399, 400, 401, 402, 403, 522, 524, 526, 528, 530, 532, 534, 550, 551, 552, 553, 554, 555, 556, 557, 558, 572, 574, 576, 578, 580, 582, 584, 586, 606, 608, 610, 612, 614, 616, 618, 620, 622, 625, 626, 628, 630, 632, 634, 636, 638, 640, 662, 665, 666, 669, 670, 672, 674, 677, 678, 680, 682, 684, 686, 689, 691]
2: [35, 37, 39, 40, 41, 294, 481, 483, 480, 296]
3: [36, 38, 95, 98, 101, 213, 215, 218, 221, 223, 227, 230, 367, 82, 81, 80, 79]
4: [46, 47, 49, 50, 67, 68, 69, 70, 71, 72, 111, 117, 131, 137, 144, 147, 150, 153, 156, 159, 162, 331, 332, 333, 335, 336, 337, 338, 339, 340, 536, 537, 538, 539, 540, 541, 542, 543, 544, 545, 546, 547, 548, 549, 650, 651, 652, 653, 654, 655, 656, 657, 658, 659, 660, 661]
5: [51, 52, 53, 55, 56, 58, 59, 511, 564, 571, 598]
6: [57, 141, 143, 146, 365, 366, 380, 381, 388, 212, 210]
7: [73, 74, 86, 240, 241, 242, 243, 246, 247, 248, 249, 250, 251, 259, 260, 261, 262, 275, 276, 277, 278, 279, 280, 281, 282, 283, 284, 575, 579, 611, 613, 615, 617, 619, 621, 635, 663, 664, 667, 671, 676, 681, 683, 239, 238, 237, 236, 679, 668, 624, 609, 587, 583, 573, 88]
8: [92, 96, 99, 369, 370, 371, 413, 485, 502, 503, 577, 581, 585, 607, 623, 627, 629, 631, 633, 637, 639, 641, 673, 675, 685, 687, 688, 690, 692, 693, 694, 695, 535, 533, 531, 529, 527, 525, 523]
9: [109, 113, 116, 119, 122, 124, 127, 129, 132, 135, 139, 140, 142, 145, 149, 152, 155, 158, 161, 164, 167, 169, 170, 171, 172, 173, 174, 190, 191, 192, 193, 194, 496, 497, 498, 499, 560, 563, 566, 568, 570, 588, 589, 590, 600, 602, 604]
10: [175, 176, 177, 178, 179, 180, 181, 182, 186, 187, 188, 189, 195, 196, 197, 198, 199, 200, 201, 202, 203, 204, 205, 206, 404, 406, 409, 486]
11: [208, 216, 219, 222, 225, 228, 287, 288, 289, 290, 291, 292, 384, 386, 387, 286, 285]
12: [252, 253, 254, 255, 256, 257, 258, 265, 266, 267, 268, 269, 270, 271, 272, 273, 274, 464, 465, 467, 468, 469, 470, 471, 507, 508, 509, 510, 466, 463]
13: [293, 478, 482, 479, 477, 476, 475, 473, 428, 424, 416]
14: [297, 298, 299, 300, 301, 302, 303, 312, 313, 314, 315, 316, 317, 318, 319, 320, 321, 322, 323, 324, 325, 326, 327, 328]
15: [383, 488, 489, 490, 491, 492, 493, 644, 393, 391]
16: [495, 591, 593, 594, 595, 596, 597, 599, 601, 603, 643, 648, 569, 567, 565, 562, 559, 521, 520, 519, 518, 517, 516]
#youtube url: https://www.youtube.com/watch?v=H9Z3_ifFheQ
