0: [0, 1, 2, 3, 4, 5, 6, 7, 8, 9, 10, 67, 68, 69, 84, 85, 86, 87, 88, 89, 115, 116, 117, 118, 119, 120, 121, 247, 354, 356, 358, 360, 362, 251]
1: [11, 48, 83, 110, 111, 112, 113, 114, 187, 188, 189, 205, 206, 207, 208, 209, 210, 214, 219, 220, 287, 288, 289, 290, 291, 292, 302, 303, 304, 305, 306, 307, 308, 338, 339, 340, 341, 342, 352, 353, 47, 46, 45, 44, 43, 42]
2: [12, 13, 14, 82, 90, 91, 92, 93, 94, 95, 96, 97, 98, 190, 191, 192, 193, 194, 215, 216, 217, 258, 259, 260, 262, 264, 266, 296, 297, 298, 299, 300, 301, 335, 336, 337, 355, 357, 359, 361, 76, 81, 80, 78, 17, 16, 15]
3: [19, 204, 294, 295, 250, 249, 248, 234, 232, 199]
4: [20, 21, 22, 23, 24, 25, 33, 41, 51, 53, 54, 55, 56, 58, 59, 60, 61, 62, 63, 64, 65, 66, 310, 312, 314, 349, 350, 351, 57, 50, 35]
5: [99, 101, 103, 105, 107, 328, 329, 330, 331, 333]
6: [122, 123, 124, 125, 126, 127, 128, 129, 130, 138, 139, 140, 141, 142, 143, 144, 145, 146, 167, 221, 222, 223, 224, 315, 316, 317, 318, 319]
7: [131, 132, 134, 135, 136, 148, 150, 152, 154, 156, 158, 159, 161, 162, 163, 164, 165, 166, 195, 198, 201, 203, 277, 279, 280, 283, 285, 320, 323, 326]
8: [137, 147, 149, 151, 153, 155, 157, 160, 179, 180, 181, 182, 183, 184, 185, 186, 236, 237, 238, 239, 240, 241]
9: [261, 268, 271, 273, 274, 276, 278, 281, 282, 284, 293, 265, 226]
#youtube url: https://www.youtube.com/watch?v=OSjbdufL828
