0: [0, 1, 2, 8, 9, 10, 11, 12, 27, 28, 29, 30, 31, 33, 34, 96, 97, 102, 103, 104, 142, 143, 144, 145, 146, 148, 150, 153, 154, 158, 192, 193, 194, 195, 196, 204, 356, 358, 360, 362, 364, 378, 380, 382, 384, 390, 392, 394, 396, 398, 400, 402, 404, 406, 408, 410, 412, 414, 416, 417, 424, 426, 428, 431, 439, 440, 442, 444, 447, 450, 454, 456, 499, 500, 501, 525, 528, 531, 534, 541, 543, 545, 548, 551, 554, 557, 560, 562, 565, 568, 571, 574, 575, 578, 581, 584, 587, 590, 593, 596, 599, 604, 605, 608, 615, 620, 623, 625, 629, 631, 634, 637, 641, 645, 647, 651, 653, 654, 661, 662, 663, 664, 95, 93]
1: [3, 35, 36, 37, 38, 40, 41, 42, 45, 46, 47, 48, 56, 57, 58, 59, 60, 61, 71, 72, 73, 79, 80, 81, 82, 88, 89, 90, 91, 92, 99, 101, 108, 109, 110, 111, 112, 113, 114, 115, 116, 160, 162, 164, 167, 169, 171, 198, 214, 241, 242, 243, 244, 245, 246, 247, 248, 252, 254, 256, 267, 268, 269, 270, 271, 272, 273, 274, 275, 276, 277, 278, 279, 280, 281, 282, 283, 284, 285, 289, 290, 291, 294, 296, 298, 300, 302, 304, 306, 307, 309, 311, 313, 315, 317, 318, 319, 321, 323, 325, 326, 328, 330, 332, 334, 336, 338, 340, 343, 345, 347, 349, 355, 357, 359, 361, 363, 377, 379, 381, 383, 389, 391, 393, 395, 397, 399, 401, 403, 405, 407, 409, 411, 413, 415, 418, 421, 422, 423, 425, 427, 429, 430, 432, 438, 441, 443, 445, 446, 449, 452, 465, 466, 467, 468, 470, 472, 474, 476, 478, 480, 482, 484, 486, 488, 490, 492, 494, 496, 498, 502, 503, 520, 521, 522, 523, 524, 526, 527, 529, 532, 535, 537, 539, 540, 542, 544, 546, 550, 552, 555, 559, 563, 564, 567, 570, 572, 577, 580, 582, 585, 589, 591, 594, 597, 600, 603, 606, 610, 611, 612, 613, 614, 617, 619, 622, 626, 628, 632, 635, 638, 640, 655, 665, 666, 667, 668, 669, 209, 212, 211, 100]
2: [6, 7, 32, 228, 231, 233, 350, 351, 352, 353, 354, 365, 366, 367, 368, 226, 224]
3: [13, 14, 15, 16, 17, 18, 19, 20, 21, 22, 23, 24, 25, 26]
4: [39, 118, 120, 197, 206, 207, 208, 205, 70, 69, 68, 67, 66, 65, 64, 63, 62, 55, 54, 53, 52, 51, 50, 49, 44, 43]
5: [74, 75, 76, 77, 78, 83, 84, 85, 86, 87, 117, 119, 121, 122, 127, 128, 129, 130, 131, 132, 133, 139, 140, 141, 159, 161, 165, 166, 168, 170, 172, 173, 174, 175, 180, 181, 182, 183, 184, 185, 186, 187, 188, 189, 190, 191, 215, 217, 218, 220, 223, 385, 386, 387, 388, 451, 469, 471, 473, 475, 477, 479, 481, 483, 485, 487, 489, 491, 493, 495, 497, 506, 507, 508, 509, 510, 511, 512, 513, 514, 515, 516, 517, 518, 530, 536, 538, 547, 549, 553, 556, 558, 561, 566, 569, 573, 576, 579, 583, 586, 588, 592, 595, 598, 601, 602, 607, 609, 616, 618, 621, 624, 627, 630, 633, 636, 639, 642, 644, 646, 648, 650, 652, 656, 657, 658, 659, 660]
6: [98, 213, 237, 293, 295, 297, 299, 301, 303, 305, 308, 310, 312, 314, 316, 320, 322, 324, 327, 329, 331, 333, 335, 337, 339, 341, 342, 344, 346, 348, 370, 372, 374, 376, 235, 234, 288, 287, 259, 257, 255, 253, 251, 240, 239, 238, 236, 210, 292]
7: [123, 124, 125, 126, 134, 135, 136, 137, 138, 163, 216, 219, 221, 222]
8: [225, 227, 229, 230, 232, 261, 262, 263, 264, 265, 266, 369, 371, 373, 375]
9: [419, 433, 434, 435, 436, 437, 457, 458, 459, 460, 461, 462, 463, 464]
#youtube url: https://www.youtube.com/watch?v=0Vsy5KzsieQ
