0: [0, 1, 2, 13, 15, 24, 27, 30, 33, 118, 11]
1: [3, 4, 5, 6, 131, 135, 143, 147, 149, 153, 156, 159, 162, 165, 170, 173, 176, 179, 189, 207, 209, 210]
2: [7, 8, 9, 25, 29, 31, 34, 45, 49, 50, 53, 191, 192, 195, 196, 197, 198, 193]
3: [10, 12, 14, 16, 17, 18, 19, 44, 46, 47, 48, 51, 54, 55, 89, 91, 94, 96, 98, 140, 145, 146, 200, 202, 203, 199]
4: [20, 22, 23, 26, 28, 32, 35, 60, 61, 62, 63, 64, 66, 73, 74, 75, 76, 77, 78, 90, 92, 93, 95, 97, 99, 100, 101, 102, 103, 132, 137, 142, 151, 155, 157, 160, 163, 166, 168, 169, 171, 174, 177, 180, 182, 184, 186, 188, 206, 208, 211, 212, 213, 134]
5: [39, 40, 41, 59, 104, 114, 115, 116, 117, 130, 204]
6: [68, 69, 70, 71, 72, 79, 80, 81, 82, 83, 84, 85, 86, 87, 88, 105, 106, 107, 108, 109, 205]
7: [119, 120, 121, 122, 123, 124, 125, 126, 127, 128]
8: [133, 136, 138, 139, 141, 144, 148, 150, 154, 158, 161, 164, 167, 172, 175, 178, 181, 183, 185, 187, 190]
#youtube url: https://www.youtube.com/watch?v=w8JNjmK5lfk
