0: [0, 1, 2, 3, 4, 5, 6, 7, 8, 9, 34, 35, 36, 37, 38, 39, 56, 57, 58, 59, 60, 61, 62, 63, 64, 65, 66, 67, 68, 69, 70, 72, 73, 75, 76, 91, 92, 93, 94, 102, 103, 104, 105, 106, 107, 108, 109, 110, 111, 112, 113, 114, 116, 117, 118, 119, 120, 121, 122, 123, 124, 125, 126, 127, 128, 129, 130, 131, 132, 133, 134, 135, 136, 137, 138, 139, 140, 141, 142, 143, 144, 145, 146, 147, 148, 149, 150, 151, 152, 157, 158, 159, 160, 161, 162, 163, 164, 165, 166, 167, 168, 169, 170, 177, 178, 179, 180, 181, 182, 183, 184, 304, 305]
1: [13, 14, 16, 17, 18, 19, 20, 21, 22, 25, 26, 40, 41, 42, 43, 45, 47, 49, 51, 52, 54, 55, 84, 85, 86, 87, 88, 89, 90, 95, 96, 97, 98, 100, 101, 115, 171, 172, 173, 174, 175, 176, 238, 243, 244, 286, 287, 288, 289, 290, 291, 314, 315, 316]
2: [23, 24, 27, 44, 46, 48, 50, 53, 224, 225]
3: [77, 78, 79, 80, 81, 82, 83, 218, 223, 292, 293, 294]
4: [185, 212, 213, 214, 215, 216, 217, 249, 250, 251, 252, 253, 254, 255, 264, 265, 266, 267, 268, 269, 270, 271, 272, 273, 331, 332, 333, 334, 339, 340, 341]
5: [186, 187, 188, 189, 190, 203, 204, 205, 206, 207, 208, 209, 210, 211, 246, 247, 248, 279, 280, 281, 282, 283, 284, 285, 311, 312, 313, 319, 322]
6: [191, 192, 193, 194, 195, 196, 201, 202, 297, 298, 299, 300, 301, 302, 303, 317, 318]
7: [197, 198, 199, 200, 256, 257, 258, 259, 260, 261, 262, 263, 274, 275, 276, 277, 278, 323, 324, 325, 326, 327, 328, 329, 330, 337, 338]
8: [226, 227, 228, 229, 230, 231, 232, 233, 234, 235, 236, 237]
#youtube url: https://www.youtube.com/watch?v=SVCHSiRWjJM
