0: [4, 5, 6, 7, 8, 41, 42, 43, 44, 45, 46, 47, 48, 59, 60, 61, 63, 82, 83, 84, 86, 87, 88, 89, 90, 105, 106, 107, 108, 109, 110, 197, 198, 200, 202, 204, 223]
1: [9, 10, 11, 12, 13, 14, 15, 16, 17, 18, 19, 20, 111, 112, 113, 115, 116]
2: [30, 31, 32, 33, 34, 65, 66, 69, 70, 72, 75, 167, 169, 173, 175]
3: [35, 36, 37, 96, 97, 99, 120, 121, 122, 123, 143, 146, 148, 153, 154, 155, 98, 94, 93, 92, 91, 53, 51, 49]
4: [54, 55, 56, 57, 58, 137, 139, 142, 144, 149, 214, 215, 216, 217, 218, 219, 220, 221]
5: [67, 68, 71, 73, 74, 77, 78, 79, 80, 81, 136, 138, 141, 145, 147, 189, 190, 191, 192, 193]
6: [100, 101, 102, 103, 104, 182, 183, 184, 185, 186, 187, 188, 225, 226, 227]
7: [130, 131, 132, 133, 159, 160, 161, 162, 163, 180, 181]
8: [150, 152, 170, 172, 174, 176, 177, 171, 168, 166, 164]
#youtube url: https://www.youtube.com/watch?v=dv-7FY5gm0w
