0: [0, 1, 2, 3, 5, 17, 19, 21, 23, 26, 28, 30, 31, 33, 35, 36, 37, 38, 39, 40, 41, 42, 43, 44, 46, 48]
1: [4, 84, 85, 87, 88, 89, 90, 101, 103, 105, 107, 109, 118, 122, 126, 127, 131, 133, 135, 136, 137, 138, 139, 140, 141, 142, 143, 146, 148, 150, 153, 172, 173, 174, 175, 176, 177, 178, 192, 194, 195, 196, 197, 198, 199, 200, 201, 202, 203, 204, 205, 213, 214, 215, 216, 217, 218, 221, 222, 223, 224, 225, 226, 227, 228, 229, 230, 240, 241, 242, 243, 244, 245, 246, 247, 253, 254, 255, 256, 257, 258, 259, 260, 261, 262, 268, 269, 270, 271, 296, 298, 300, 301, 306, 308, 318, 320, 321, 323, 324, 334, 340, 343, 344, 345, 346, 347, 348, 351, 352, 368, 370, 373, 374, 376, 379, 389, 390, 391, 392, 393, 394, 395, 412, 413, 414, 415, 416, 417, 418, 419, 420, 436, 437, 438, 439, 440, 441, 486, 487, 488, 489, 490, 511, 512, 513, 514, 515, 516, 517, 518, 547, 548, 549, 550, 551, 552, 553, 554, 557, 559, 561, 563, 564, 565, 567, 572, 574, 576, 578, 580, 582, 584, 587, 588, 589, 590, 591, 592, 593, 595, 596, 597, 598, 611, 612, 83, 65, 81, 80, 62, 61, 60, 59, 58, 57, 56, 54, 53]
2: [6, 7, 8, 9, 10, 11, 18, 20, 22, 25, 27, 29, 32, 45, 47, 49, 73, 74, 76, 78, 86, 102, 104, 106, 110, 119, 121, 124, 128, 130, 152, 155, 158, 161, 193, 206, 207, 208, 209, 210, 211, 212, 220, 231, 232, 233, 234, 235, 236, 237, 238, 239, 248, 249, 252, 266, 267, 295, 297, 299, 302, 303, 305, 307, 317, 319, 322, 333, 335, 337, 339, 341, 353, 354, 355, 357, 358, 359, 360, 361, 362, 363, 364, 365, 366, 367, 369, 371, 372, 375, 377, 378, 424, 443, 445, 447, 449, 451, 453, 455, 457, 459, 461, 463, 465, 467, 469, 471, 473, 573, 575, 577, 579, 581, 583, 585, 586, 604, 605, 606, 607, 608, 609, 613, 614, 615, 616, 617, 134, 108]
3: [63, 621, 622, 623, 625, 630, 631, 632, 636, 637, 638, 639, 640, 641, 642, 643, 644, 645, 555, 190, 189, 186, 184, 183, 181, 179, 169, 166, 165, 162]
4: [480, 481, 482, 483, 484, 485, 491, 492, 493, 494, 495, 496, 519, 520, 521, 522, 523, 524, 525, 526, 527, 528, 530, 531, 532, 533, 534, 535, 536, 537, 538, 539, 540, 541, 542, 543, 544, 545, 546, 479, 286, 285, 284, 283, 282, 281, 70, 69, 68]
5: [82, 96, 97, 98, 99, 100, 123, 125, 129, 144, 145, 149, 151, 154, 569, 120]
6: [91, 92, 93, 94, 95, 111, 113, 115, 116, 117, 263, 264, 265, 287, 288, 289, 290, 291, 292, 293, 294, 309, 310, 311, 312, 313, 314, 315, 316, 429, 430, 431, 432, 433, 434, 435, 442, 444, 446, 448, 450, 452, 454, 456, 458, 460, 462, 464, 466, 468, 470, 472, 474, 475, 476, 477, 478, 497, 498, 499, 500, 501, 502, 503, 504, 505, 506, 507, 508, 509, 510]
7: [156, 635, 633, 634, 568, 566, 562, 560, 558, 191, 188, 187, 185, 182, 180, 170, 168, 164, 163]
8: [171, 278, 279, 325, 326, 327, 328, 329, 330, 331, 332, 380, 277, 276, 275, 274, 273, 272]
#youtube url: https://www.youtube.com/watch?v=cv01Mcdf8rI
