0: [0, 1, 2, 3, 4, 5, 6, 7, 8, 9, 20, 21, 22, 23, 24, 25, 26, 27, 28, 29, 30, 31, 32, 33, 162, 163, 164, 175, 176, 177, 178, 179, 186, 187, 188, 189, 198, 199, 200, 201, 239, 241, 243, 245, 247, 248, 249, 269, 270, 272, 273, 275, 277, 279, 281, 283, 285, 287, 289, 346, 350, 353, 356, 359, 360, 361, 407, 410, 413, 416, 419, 422]
1: [10, 11, 12, 14, 15, 16, 17, 34, 35, 36, 134, 137, 183, 324, 321]
2: [18, 19, 37, 38, 39, 40, 41, 74, 138, 139, 140, 141, 136]
3: [42, 44, 45, 48, 51, 52, 53, 54, 55, 56, 57, 58, 59, 60, 61, 62, 63, 64, 65, 66, 67, 68, 69, 70, 71, 72, 73, 75, 76, 78, 79, 80, 81, 83, 85, 86, 88, 90, 92, 94, 96, 99, 100, 105, 106, 108, 110, 114, 116, 118, 120, 122, 124, 127, 131, 132, 149, 150, 151, 153, 154, 155, 156, 157, 158, 159, 160, 161, 180, 205, 220, 222, 224, 226, 229, 252, 254, 256, 258, 259, 300, 315, 316, 317, 318, 319, 320, 331, 333, 335, 348, 351, 354, 357, 392, 403, 405, 408, 412, 414, 418, 421, 219, 204]
4: [43, 47, 77, 84, 87, 89, 91, 93, 95, 97, 98, 101, 102, 104, 107, 109, 111, 113, 115, 117, 119, 121, 123, 125, 126, 128, 133]
5: [135, 142, 218, 221, 223, 225, 227, 228, 234, 251, 253, 255, 257, 260, 349, 352, 355, 358, 391, 393, 394, 395, 396, 397, 404, 406, 409, 411, 415, 417, 420, 426, 322, 212, 347, 216, 215, 214, 213, 211, 210, 196, 195, 194, 192, 191, 190, 185, 184, 182, 173, 172, 171, 148, 147, 146, 145, 144, 143]
6: [217, 424, 373, 372, 371, 343, 340, 339, 338, 337, 336, 334, 332, 330, 329, 328, 383]
7: [230, 233, 237, 238, 261, 263, 264, 265, 266, 267, 268, 291, 295, 236]
8: [232, 240, 242, 244, 246, 250, 274, 276, 278, 280, 282, 284, 286, 288, 290, 292, 294, 296, 297, 298, 299, 362, 364, 365, 367, 369, 370]
9: [327, 374, 375, 376, 377, 378, 379, 380, 381, 382, 384]
#youtube url: https://www.youtube.com/watch?v=tcdUhdOlz9M
