0: [0, 1, 2, 3, 4, 5, 6, 7, 8, 9, 10, 32, 33, 34, 35, 36, 37, 38, 39, 40, 41, 42, 43, 44, 45, 46, 47, 48, 49, 95, 96, 97, 98, 99, 100, 101]
1: [11, 12, 13, 14, 15, 16, 17, 18, 20, 29, 31, 50, 51, 52, 53, 54, 55, 56, 58, 59, 61, 63, 65, 66, 67, 69, 70, 71, 72, 73, 74, 75, 76, 77, 78, 79, 80, 81, 83, 84, 85, 86, 87, 88, 89, 90, 91, 92, 93, 94, 102, 103, 104, 105, 106, 107, 108, 109, 110, 111, 112, 113, 114, 115, 116, 117, 118, 119, 125, 126, 127, 129, 130, 132, 134, 136, 139, 156, 162, 185, 194, 205, 206, 420, 422, 423, 424, 425, 426, 427, 428, 429, 430, 431, 445, 446, 447, 448, 449, 450, 451, 452, 453, 454, 455, 478, 506, 507, 508, 509, 514, 516, 522, 523, 530, 531, 532]
2: [22, 24, 26, 28, 30, 57, 60, 62, 64, 68, 82, 120, 121, 122, 123, 124, 128, 131, 133, 135, 137, 138, 145, 146, 147, 148, 149, 150, 151, 152, 153, 154, 155, 157, 158, 195, 196, 197, 198, 199, 218, 219, 220, 221, 222, 238, 239, 240, 241, 242, 243, 244, 245, 246, 247, 248, 249, 250, 251, 252, 253, 254, 255, 256, 257, 258, 259, 260, 415, 416, 417, 418, 419, 432, 433, 434, 435, 436, 437, 438, 439, 440, 441, 442, 443, 477, 480, 483, 485, 486, 501, 502, 503, 504, 505]
3: [140, 141, 142, 143, 144, 180, 181, 182, 183, 186, 187, 188, 189, 190, 191, 474, 475, 476, 479, 489, 491, 493, 495, 497, 500]
4: [161, 163, 164, 184, 192, 193, 279, 468, 490, 492, 494, 496, 498, 499, 484, 393, 369]
5: [200, 201, 202, 203, 204, 207, 208, 209, 210, 211, 212, 213, 214, 215, 216, 217, 223, 224, 225, 226, 227, 228, 229, 230, 231, 232, 233, 234, 235, 236, 237, 261, 262, 263, 264, 265, 266, 267, 268, 269, 270, 271, 272, 273, 274, 276, 277, 278, 280, 281, 282, 283, 294, 295, 296, 297, 298, 299, 300, 306, 307, 308, 309, 310, 316, 317, 318, 319, 461, 462, 538, 540, 541, 542, 544, 545, 547, 549, 551, 553, 554, 555]
6: [284, 285, 286, 287, 288, 289, 290, 291, 293, 301, 302, 303, 304, 305, 311, 312, 313, 314, 315, 325, 326, 327, 328, 329, 372, 373, 374, 375, 376, 395, 396, 397, 398, 399, 400]
7: [292, 371, 378, 380, 382, 384, 386, 388, 391, 407, 409, 412, 456, 457, 459, 460, 534, 367, 365, 362, 360, 359, 357, 354, 353, 351, 349, 347, 345, 343, 340, 339, 337, 335, 333, 331]
8: [320, 321, 322, 323, 324, 330, 332, 334, 336, 338, 341, 342, 344, 346, 348, 350, 352, 355, 356, 358, 361, 363, 364, 366, 368, 370, 377, 379, 381, 383, 385, 387, 389, 390, 392, 394, 401, 402, 403, 404, 405, 406, 408, 410, 411, 413, 414, 464, 467, 533, 536, 537, 546, 548, 550, 466, 535]
#youtube url: https://www.youtube.com/watch?v=4eaZ_48ZYog
