0: [0, 1, 40, 128, 130, 132, 134, 161, 167, 198, 199, 200, 201, 205, 206, 207, 208, 209, 210, 211, 213, 237, 239, 241, 244, 246, 249, 252, 255, 266, 274, 283, 284, 285, 286, 287, 291, 295, 309, 310, 311, 344, 345, 348, 350, 352, 353, 356, 359, 362, 365, 367, 368, 371, 372]
1: [2, 3, 4, 5, 6, 7, 8, 9, 10, 39, 43, 44, 45, 46, 47, 48, 49, 50, 51, 57, 58, 59, 60, 61, 62, 63, 64, 65, 66, 67, 68, 69, 70, 72, 73, 74, 77, 78, 80, 82, 84, 86, 88, 90, 93, 95, 160, 163, 165, 166, 176, 177, 178, 179, 180, 181, 182, 183, 220, 221, 222, 223, 224, 225, 226, 228, 233, 234, 235, 299, 300, 302, 303, 307, 333, 335, 337, 339, 340, 341, 373, 374, 375, 376, 377, 378, 379]
2: [11, 12, 13, 14, 15, 16, 17, 18, 19, 20, 21, 22, 23, 24, 25, 26, 27, 28, 29, 33, 34, 35, 75, 76, 79, 81, 83, 85, 87, 89, 91, 92, 94, 113, 114, 115, 116, 117, 118, 119, 137, 138, 140, 142, 144, 146, 148, 169, 170, 171, 172, 173, 174, 175, 215, 216, 217, 218, 219, 229, 230, 231, 232, 258, 259, 260, 261, 262, 322, 323, 325, 327, 328, 329, 330, 331, 332, 334, 336, 357, 360, 364, 369, 380, 338]
3: [31, 32, 106, 108, 109, 110, 111, 112, 120, 121, 122, 123, 124, 125, 126, 127, 151, 153, 185, 186, 187, 188, 189, 288, 292, 296, 382, 383, 384, 385, 386, 387, 388, 389, 390, 391, 392, 393, 277]
4: [97, 100, 103, 129, 131, 133, 135, 155, 263, 264, 272, 107, 105]
5: [136, 139, 141, 143, 145, 147, 149, 152, 301, 321, 324, 326, 342, 366, 370]
6: [162, 164, 355, 358, 361, 363, 354, 351, 349, 347, 346]
7: [190, 191, 192, 193, 194, 195, 196, 197, 268, 269, 270, 271]
8: [395, 397, 398, 402, 403, 404, 405, 406, 407, 408]
#youtube url: https://www.youtube.com/watch?v=iQpb1LoeVUc
