0: [0, 1, 2, 3, 4, 5, 6, 7, 8, 9, 10, 11, 13, 14, 16, 20, 21, 22, 23, 24, 25, 26, 28, 29, 30, 31, 32, 33, 34, 36, 41, 42, 43, 46, 47, 65, 67, 70, 73, 76, 110, 111, 112, 113, 114, 115, 137, 138, 139, 140, 141, 142, 143, 144, 146, 148, 151, 166, 167, 168, 169, 170, 171, 172, 173, 183, 184, 185, 186, 187, 188, 189, 228, 229, 230, 231, 232, 233, 243, 244, 245, 246, 247, 248, 249, 250, 251, 252, 253, 255, 258, 260, 263, 266, 267, 270, 271, 273, 276, 278, 280, 281, 282, 283, 284, 285, 287, 288, 289, 291, 293, 294, 295, 296, 297, 298, 306, 307, 308, 309, 320]
1: [48, 49, 50, 51, 52, 53, 54, 55, 57, 59, 61, 62, 64, 208]
2: [66, 68, 71, 74, 75, 79, 82, 84, 86, 88, 91, 95, 99, 101, 104, 107]
3: [69, 72, 77, 81, 87, 89, 92, 96, 102, 105, 108]
4: [117, 118, 119, 120, 121, 122, 123, 124, 125, 126, 127, 128, 129, 130, 131, 132, 133, 134, 135, 136]
5: [145, 147, 149, 150, 152, 153, 154, 155, 209, 211, 212, 214, 215, 217, 219, 221]
6: [159, 161, 164, 303, 305, 310, 311, 314, 315, 302, 301]
7: [174, 175, 176, 177, 178, 179, 180, 181, 182, 190, 191, 192, 193, 194, 195, 196, 197, 200, 201, 202, 204, 205, 213, 216, 218, 220, 222, 223, 224, 225, 226, 227, 234, 235, 236, 237, 207]
8: [206, 256, 257, 261, 269, 272, 274, 277, 279, 304]
#youtube url: https://www.youtube.com/watch?v=2VT2apoX90o
