0: [0, 1, 2, 3, 4, 5, 71, 72, 73, 74, 75, 76, 77, 78, 79, 80, 102, 103, 104, 105, 106, 107, 108, 109, 225, 227, 229, 231, 233, 235, 237, 239, 241, 243, 245, 248, 357, 358, 359, 360, 361, 362, 363, 364, 398, 399, 400, 401]
1: [10, 37, 38, 39, 40, 41, 42, 43, 52, 53, 54, 55, 56, 57, 58, 59, 60, 61, 62, 87, 88, 89, 90, 91, 92, 189, 190, 191, 192, 193, 194, 394, 395, 396, 14, 12, 11]
2: [15, 18, 20, 22, 23, 24, 26, 19, 17, 16]
3: [28, 29, 30, 31, 32, 33, 34, 35, 36, 63, 64, 65, 66, 67, 125, 126, 127, 128, 129, 130, 157, 158, 159, 160, 161, 184, 185, 186, 187, 226, 228, 230, 232, 234, 236, 238, 240, 242, 244, 246, 247, 249, 250, 251, 252, 253, 254, 255, 268, 269, 270, 271, 272, 273, 274, 275, 303, 306, 308, 310, 312, 313, 316, 317, 320, 322, 324, 326, 328, 330, 337, 338, 339, 340, 341, 342, 343, 353, 354, 355, 373, 374, 375, 376, 377, 378, 379, 380, 381]
4: [44, 45, 46, 47, 48, 49, 50, 51, 211, 212, 213, 214, 215, 216, 217, 218, 219, 220, 221, 222, 223, 224]
5: [94, 95, 96, 97, 98, 100, 110, 111, 112, 387, 388, 389, 390, 391, 392]
6: [113, 114, 115, 116, 117, 118, 137, 138, 139, 140, 148, 149, 150, 169, 170, 171, 172, 177, 178, 179, 180, 181, 182, 183, 197, 198, 199, 200, 201, 277, 278, 282, 283, 284, 285, 286, 287, 288, 289, 290, 291, 292, 293, 304, 305, 307, 309, 311, 314, 315, 318, 319, 321, 323, 325, 327, 329, 147]
7: [119, 120, 121, 122, 123, 124, 131, 132, 133, 134, 135, 136, 141, 142, 143, 144, 145, 146, 256, 257, 258, 259, 260, 261, 262, 365, 366, 367, 368, 369, 370, 371, 372, 382, 383, 384, 385, 386]
8: [152, 153, 154, 155, 156, 162, 163, 164, 165, 166, 167, 168]
9: [294, 295, 296, 297, 298, 299, 300, 301, 302, 332, 333, 334, 335, 336, 345, 346, 348]
#youtube url: https://www.youtube.com/watch?v=56jw6tasomc
