0: [2, 3, 4, 5, 6, 7, 8, 9, 10, 12, 181, 182, 183, 184, 185, 186, 187, 254, 259, 260, 261, 262, 264, 265, 266, 359, 365, 366, 363, 361]
1: [13, 14, 24, 117, 118, 119, 120, 121, 122, 123, 124, 125, 126, 127, 128, 194, 195, 196, 197, 198, 238, 239, 240, 241, 242, 243, 335, 336, 337, 338, 339, 340, 341, 342, 348, 349, 370, 371, 373, 374, 376, 377, 115, 114, 113, 112, 111, 110, 109, 108, 89, 88, 87, 86, 85, 84, 83, 82, 81, 80, 79, 78, 77, 76, 75, 74, 66, 65, 64, 63, 62, 116]
2: [15, 16, 17, 29, 30, 32, 33, 35, 37, 39, 41, 42, 43, 45, 46, 67, 68, 69, 70, 71, 72, 73, 135, 136, 137, 138, 139, 140, 318, 319, 320, 321, 322, 323, 324, 325, 326, 327, 328, 329, 330, 331, 332, 333, 334]
3: [18, 20, 22, 25, 27, 90, 91, 92, 93, 94, 95, 96, 97, 102, 103, 104, 105, 106, 107, 141, 199, 200, 201, 202, 210, 211, 212, 213, 214, 215, 216, 225, 227, 229, 231, 233, 235, 237, 306, 309, 311, 312, 314, 316, 367, 368, 61]
4: [19, 21, 23, 26, 28, 129, 130, 131, 132, 133, 134, 277, 298, 300, 302, 372, 375]
5: [31, 34, 36, 38, 40, 257, 258, 346, 356, 358, 357, 355, 354, 353, 352, 351, 350]
6: [144, 145, 146, 147, 148, 149, 150, 151, 152, 153, 154, 155, 156, 157, 158, 159, 160, 161, 162, 163, 164, 165, 166, 167, 168, 244, 245, 246, 343]
7: [169, 170, 172, 173, 174, 175, 176, 177, 178, 179, 180, 279, 280, 281, 282, 288, 289, 290, 291, 292, 293, 294, 295]
8: [224, 226, 228, 230, 232, 234, 236, 296, 297, 299, 301, 303, 304, 305]
9: [267, 268, 269, 270, 271, 272, 273, 274, 275, 276]
#youtube url: https://www.youtube.com/watch?v=hWnAqFyaQ5s
