0: [0, 1, 2, 3, 4, 5, 6, 7, 8, 9, 10, 11, 12, 13, 14, 15, 16, 17, 18, 19, 20, 21, 22, 23, 24, 25, 26, 27, 28, 29, 30, 31, 32, 33, 34, 35, 36, 37, 38, 39, 40, 41, 42, 43, 44, 45, 56, 57, 58, 59, 60, 61, 62, 63, 64, 65, 66, 67, 68, 69, 70, 71, 72, 73, 80, 81, 82, 83, 84, 85, 86, 87, 88, 89, 90, 91, 92, 108, 109, 110, 111, 112, 116, 117, 118, 119, 120, 121, 122, 123, 131, 132, 133, 134, 135, 136, 137, 138, 139, 140, 141, 143, 144, 145, 146, 149, 151, 158, 162, 166, 169, 171, 175, 190, 196, 197, 199, 200, 201, 202, 210, 211, 212, 213, 225, 226, 227, 228, 229, 271, 273, 275, 277, 278, 280, 281, 282, 283, 284, 285, 286, 287, 288, 289, 290, 291, 292, 293, 294, 295, 296, 297, 298, 299, 300, 301, 302, 303, 304, 305, 306, 307, 308, 309, 310, 311, 312, 313, 315, 317, 318, 319, 320, 321, 330, 333, 334, 346, 347, 348, 349, 350, 351, 352, 353, 354, 359, 360, 361, 362, 363, 364, 365, 366, 367, 368, 369, 370, 371, 373, 400, 401, 402, 403, 404, 411, 412, 413, 414, 415, 416, 445, 447, 465, 466, 467, 468, 469, 470, 471, 476, 478, 479, 497, 498, 500, 502, 504, 506, 508, 521, 522, 523, 524, 525, 526, 533, 534, 535, 536, 537, 538, 539, 545, 546, 548, 549, 551, 552, 553, 554, 555, 567, 568, 569, 570, 571, 572, 573, 574, 575, 576, 582, 583, 584, 585, 586, 587, 588, 592, 593, 594, 595, 596, 605, 606, 607, 608, 609, 610, 611, 612, 613, 209]
1: [47, 48, 49, 50, 51, 52, 53, 54, 55, 74, 75, 76, 77, 78, 79, 386, 387, 388, 389, 390, 391, 392, 393, 562, 563, 564, 565, 566, 597, 598, 599, 600, 601, 602, 603, 604]
2: [93, 94, 95, 96, 97, 98, 99, 100, 101, 102, 103, 104, 105, 106, 107, 115, 125, 126, 127, 129, 130, 148, 150, 156, 159, 161, 165, 168, 172, 176, 203, 204, 206, 214, 215, 216, 217, 239]
3: [113, 114, 231, 237, 432, 433, 434, 435, 436, 437, 438, 439, 440, 441, 431, 430, 429]
4: [142, 480, 481, 482, 483, 484, 485, 332, 187, 185, 183, 180, 178, 192, 152]
5: [147, 243, 244, 422, 423, 424, 425, 426, 427, 428, 421, 420, 419, 418, 417]
6: [336, 337, 338, 339, 340, 341, 342, 343, 344, 345, 375, 376, 378, 380, 383, 384, 394, 395]
7: [452, 453, 454, 455, 456, 457, 458, 459, 460, 461, 462, 463, 464, 636, 632, 631]
8: [486, 487, 488, 489, 490, 491, 492, 493, 494, 495, 511, 512, 513, 514, 515, 577, 578, 579, 580, 581, 589, 590, 614, 615, 616, 617, 618, 619, 620, 621, 622, 623, 624, 625]
9: [496, 499, 501, 503, 505, 509, 510, 516, 517, 518, 519, 520]
#youtube url: https://www.youtube.com/watch?v=QZ4EwBtyfaA
