0: [0, 1, 2, 3, 4, 5, 6, 7, 8, 9, 10, 11, 12, 13, 253]
1: [15, 16, 17, 18, 19, 20, 21, 22, 23, 24, 25, 28, 30, 32, 34, 36, 38, 40, 45, 46, 48, 51, 52, 53, 54, 55, 56, 57, 58, 59, 60, 61, 99, 101, 103, 105, 111, 114, 115, 116, 117, 118]
2: [27, 29, 31, 33, 35, 37, 39, 41, 42, 44, 47, 49, 91, 153]
3: [43, 128, 129, 130, 131, 133, 134, 135, 136, 137, 138, 139, 140, 141, 142, 198, 199, 200, 201, 202, 204, 205, 206, 207, 127, 126, 125, 124, 123, 122, 121, 120, 112, 110, 108, 106, 104, 102, 98]
4: [69, 72, 76, 77, 80, 81, 82, 83, 84, 86, 88, 89, 90, 92]
5: [265, 266, 267, 268, 269, 264, 263, 262, 261, 260, 259, 258, 257, 256, 255, 254, 228, 272]
6: [143, 144, 145, 146, 147, 148, 149, 150, 151, 152, 154]
7: [155, 159, 160, 161, 162, 163, 164, 165, 166, 168, 169, 176, 177, 178, 179, 180, 181, 182, 183, 184, 185, 186, 187, 189, 190, 191, 192, 193, 194, 195, 196, 197, 230, 233, 235, 244, 245, 246, 247, 248, 249, 250, 232, 158, 157, 156]
8: [170, 171, 203, 208, 209, 216, 222, 227, 229, 231, 234, 236, 237, 238, 239, 240, 241, 242, 243, 252, 226, 225, 213, 212, 211, 210]
#youtube url: https://www.youtube.com/watch?v=O6wP_LKA0DE
