0: [0, 1, 2, 3, 4, 5, 6, 7, 8, 9, 10, 11, 12, 13, 14, 15, 16, 17, 18, 19, 209, 246, 248, 249, 253, 254, 255, 256, 257, 258, 259, 260, 261, 295, 303, 354, 358, 361, 364, 367, 370, 373, 376, 380, 383, 385, 389, 392, 395]
1: [20, 21, 22, 24, 25, 26, 28, 30, 32, 34, 43, 45, 47, 49, 51, 53, 55, 57, 59, 61, 125, 126, 127, 128, 129, 130, 131, 132, 133, 134, 136, 137, 138, 140, 142, 143, 144, 145, 146, 148, 151, 153, 155, 157, 162, 164, 166, 168, 191, 211, 212, 213, 214, 215, 221, 223, 229, 233, 234, 238, 239, 240, 264, 266, 268, 270, 272, 274, 276, 278, 280, 282, 284, 286, 288, 335, 351, 353, 237, 236, 235]
2: [27, 29, 31, 33, 35, 290, 291, 292, 293, 403, 404, 405, 406, 407, 408, 409, 410, 411, 412, 413, 414, 415, 416, 417]
3: [36, 37, 38, 39, 241, 398, 399, 402, 299, 298, 188]
4: [44, 46, 48, 50, 52, 54, 56, 58, 60, 62, 67, 73, 76, 79, 82, 88, 91, 94, 97, 109, 111, 113, 115, 118, 120, 121, 124, 147, 149, 150, 152, 154, 156, 163, 165, 167, 169, 175, 176, 178, 307, 308, 309, 310, 311, 312, 318, 319, 321, 322, 323, 324, 84, 65]
5: [63, 66, 70, 71, 74, 77, 81, 83, 87, 90, 93, 95, 108, 110, 112, 114, 116, 119, 122, 182, 186, 194, 195]
6: [64, 68, 69, 72, 75, 78, 80, 85, 86, 89, 92, 96, 117]
7: [98, 99, 100, 101, 102, 103, 104, 105, 106, 107, 226, 227, 228, 222]
8: [123, 160, 161, 184, 185, 190, 192, 193, 196, 197, 198, 199, 200, 201, 202, 203, 204, 205, 206, 207, 208, 243, 245, 247, 267, 348, 187, 180, 179]
9: [242, 244, 271, 273, 275, 277, 279, 281, 283, 285, 287, 269, 265, 263]
10: [355, 357, 360, 363, 366, 369, 372, 375, 378, 381, 384, 387, 390]
11: [356, 359, 362, 365, 368, 371, 374, 377, 379, 382, 386, 388, 391]
#youtube url: https://www.youtube.com/watch?v=sbzwtsMiVQY
