0: [0, 4, 6, 9, 10, 18, 20, 22, 34, 35, 36, 37, 38, 39, 78, 80, 81, 109, 114, 123, 126, 128, 131, 134, 136, 140, 143, 146, 149, 152, 155, 158, 161, 164, 181, 183, 186, 204, 220, 247, 248, 261, 262, 263, 264, 265, 266, 267, 268, 269, 270, 285, 286, 328, 329, 330, 331, 332, 333, 375, 376, 378, 380, 382, 404, 224, 19]
1: [1, 2, 5, 7, 61, 62, 64, 66, 69, 71, 73, 74, 75, 76, 77, 79, 85, 87, 89, 91, 93, 95, 97, 108, 111, 113, 116, 119, 125, 129, 132, 133, 135, 139, 142, 144, 148, 151, 154, 157, 160, 163, 184, 185, 187, 188, 201, 207, 258, 259, 260, 301, 303, 305, 307, 309, 311, 313, 379, 381, 407]
2: [8, 56, 57, 58, 59, 82, 83, 84, 189, 190, 191, 192, 193, 203, 216, 219, 221, 223, 225, 226, 227, 233, 235, 302, 310, 411, 229, 228, 217, 373, 54, 53, 52, 51, 48, 47, 46, 43, 41]
3: [11, 15, 16, 17, 171, 175, 177, 179, 237, 238, 271, 272, 273, 274, 275, 276, 277, 278, 279, 287, 291, 293, 295, 297, 299, 315, 317, 319, 334, 336, 340, 342, 344, 346, 348, 350, 353, 354, 356, 358, 361, 362, 364, 366, 368, 370, 393, 338, 289, 168]
4: [14, 107, 110, 112, 115, 118, 121, 124, 127, 138, 141, 145, 147, 150, 153, 156, 159, 162, 137, 105, 103, 102, 101, 100, 99]
5: [252, 253, 254, 255, 256, 257, 280, 281, 283, 284, 414, 415, 416, 417, 418, 419, 420, 421, 422, 251, 250, 249]
6: [25, 60, 63, 65, 67, 68, 70, 72, 86, 88, 90, 92, 94, 96, 98]
7: [44, 45, 49, 50, 304, 306, 308, 312, 314, 321, 322, 323, 325, 326, 327, 385]
8: [166, 170, 173, 242, 243, 244, 245, 241, 240, 239]
9: [202, 349, 367, 369, 371, 365, 363, 360, 359, 357, 355, 352, 351, 347, 345, 343, 341, 339, 337, 335, 320, 318, 316, 300, 298, 296, 294, 292, 290, 288, 213, 212, 211, 210, 209]
#youtube url: https://www.youtube.com/watch?v=6z5Wykasdls
